-0.349801188354389
0.411657658140845
0.477696329132696
-0.242050512569919
0.382167426350975
0.489102255256662
0.1761450907658
0.0510160434961021
0.0958293552508864
-0.42894947790214
-0.537822101104417
-0.351280394741757
-0.0139745235466787
-0.190453458747063
0.280032592254624
0.241688484970945
0.0209698863309475
-0.555550668931624
0.322402177877203
-0.247880946374255
-0.465557153728118
-0.46431060340149
0.316280964162202
-0.29747008859302
-0.136791725641705
0.478732732642707
-0.155163020408617
0.311173406523251
-0.39759678896442
-0.498717265784786
-0.0484947124293684
0.508107638223378
0.381065650050542
-0.450152356024726
0.344005998283079
0.452864921804981
-0.137739519196638
0.418329657727944
-0.342309976220984
0.167556402618118
-0.0510743118530598
0.22259540527024
0.419278296758809
-0.164638987990862
-0.35055910759492
-0.458189864390125
-0.20070278616895
0.459736407506795
0.158503359122783
0.120133911549951
0.300496634469499
-0.204461319841341
0.260910104707785
0.239751578692296
0.112730709484483
-0.443595092059859
-0.409045300178897
0.263186274389763
0.325703901818063
0.481003733730975
0.111679818462901
0.383359446309811
-0.0703040616245672
0.0590569348052572
0.134184501724282
-0.491559921083463
-0.230380662593511
-0.104211425668619
-0.0247148894382322
0.333981793340037
-0.30975584962787
0.202537130701773
0.417059754512694
-0.451883094699673
0.411072665327475
-0.0357631194404729
-0.307170912517579
-0.105800235781349
-0.474884613807553
-0.438131902512885
-0.0504978376781189
-0.239065828502165
-0.424731684395079
-0.120384298354966
-0.247866194891079
-0.286826385684253
-0.27678240808621
-0.605821036173213
0.0392801674814087
0.0928461411343004
0.163875924381234
-0.0705365409182093
-0.372635874410267
-0.416532775175686
-0.558481762599293
0.189312166974587
-0.296617908664461
-0.103509797833922
0.0546602317623987
-0.596515673010915
0.206088632810816
0.51178623498704
0.0265870047352635
0.129431113985711
-0.178246499442074
-0.206548857941761
-0.0453284616461976
0.224674390796554
0.25509592637
-0.215986379286656
0.408095836486953
0.159975822433955
0.306585846021067
-0.0432097522497084
-0.366075674798006
-0.532475033796
0.19142593586364
0.556711079171246
-0.133839309581161
0.00687578563253834
0.382858167458882
-0.48723515355326
0.514769337873396
0.314687465498435
0.526409561141698
0.0542655639666611
-0.136009766447793
0.110746817022145
-0.419459287160571
-0.150988102150652
-0.489014349457423
0.401051598739131
0.172315698329584
0.412921054373132
-0.0374035743584937
0.10900301421585
0.379678665625116
-0.250220440416599
-0.349090057648273
-0.512002490599987
-0.0336194100701035
0.207307417159343
-0.152903513874143
-0.396408440040918
0.397931292620765
-0.175582112358798
0.43642592889533
-0.0587545923276565
0.405119029887102
0.189647869635406
0.123223339595595
-0.343358192586004
0.425338928417924
-0.402896562143222
-0.147662117692019
0.20204434705675
0.438393942000736
-0.0480011689537332
0.398345159721881
-0.136516812718073
-0.0304601046495388
0.259657218719433
0.093246868020133
-0.0123790589411624
-0.454892269600395
-0.297374478027589
0.334234505215068
0.331130956592448
-0.599130195218868
-0.218241598627433
-0.410859332590351
0.0350963083292102
0.270104587147333
-0.394848624959588
0.395953191440547
-0.205687852029716
0.355557502325868
0.342000559093751
0.288568649185873
0.309451225444039
0.298604301951695
-0.45150402291355
0.230456980952688
-0.445291169923207
-0.284406813720116
0.0127686524952458
0.293619594322904
0.0945461042452473
0.133383526987349
0.354158650675673
0.437972871245069
-0.384021161203495
0.0719952452283728
0.287757822046822
-0.141660671892277
-0.0213491347965074
-0.65178974411125
0.145100828264144
-0.463314695681286
0.322484281337734
-0.282276147913858
-0.281404592878485
-0.174549327793938
-0.0951338719241514
0.18795917550618
-0.267478154625648
0.0551161796150454
0.0787911095162908
-0.18162580364336
-0.409428823572226
0.0652162767169287
-0.204939678497324
0.354469793940283
-0.539586288964109
0.264994063653963
0.255043783211643
-0.139859432160633
-0.209612222866466
-0.284501178682759
-0.227363633138152
-0.457673772547922
-0.198139133982749
-0.405577299546418
-0.321381048547573
0.191751817997809
0.477846382982344
0.398971211326228
0.269157439531059
-0.439041703675453
-0.497458740926854
-0.55406233367689
-0.340365276074327
0.228404772676648
-0.410998218989618
-0.107315546381197
0.271256244828561
0.0762820002894856
-0.261916619489055
-0.156334728944615
0.269450186489521
-0.528572019372246
-0.224367065236697
-0.389360844262262
-0.19357448434031
-0.346917701832884
0.210343310528274
-0.0317028397078992
0.0372054290247716
-0.625876918028063
0.19319966659485
-0.180391635002964
0.237282911793826
-0.0783156905386189
-0.0276594899147409
-0.187542911359493
0.15500688393434
0.450829825373107
-0.331319138056888
0.275770831394773
0.285464716804266
0.113849489863168
0.0725538993779965
0.217672434105307
-0.17335047597007
0.504278577372565
-0.306869057128557
-0.119259781828588
0.0616687509022176
0.0571772030051231
-0.381713125924694
-0.557698843626039
-0.286277390806073
0.282110042641369
-0.216987486904876
-0.116078923563563
-0.612970805688742
-0.181443658685716
0.0938426334120909
-0.386699593392473
-0.491102656641425
-0.500241780920015
0.340144323624476
0.553734860946976
-0.939564349186114
0.682729640428847
0.304140586384124
0.0653376643443659
-0.204496840820547
-0.139374811027342
-0.645004688613009
-0.68988273576133
-0.753969825458783
-0.246300573918745
-0.634926271868283
0.035059216127158
0.260673496911971
0.156514054821866
-0.735289969290259
0.19434102740797
-0.523398276612101
-0.648045027403711
-0.51226736937251
0.136759855791221
-0.712745056471022
-0.727984500282981
0.344044497675652
-0.159185521879906
0.162711017845536
-0.769592895011791
-0.777730691498398
-0.450793354494249
0.469960610828781
0.19591250960611
-0.681187446752123
0.154283357205945
0.170470857525575
-0.0774428763180773
0.520781281626687
-0.369060525497597
0.165623531738924
0.0919701757276186
0.0394220587559247
0.455931372468222
-0.467296363529251
-0.780974164115056
-0.633487181394724
0.0889164318450304
0.434253652046915
0.142919557871179
0.268573987099739
0.556274842518202
-0.638140337642582
0.447706408698554
0.29474869966824
0.334399672071601
-0.565262100815752
-0.896440258386867
0.252574295411055
-0.190812760975258
0.227538208285062
-0.55444428566379
0.141485827650461
-0.0532347359640949
-0.00232149482941869
0.0382126585192071
-0.868511092619877
-0.168232710942055
-0.20896970889663
-0.505231114611766
-0.385166920338229
0.0270515017245958
-0.0174116536086315
-0.044080334888374
0.153462033615362
-0.0894718028395682
-0.0145112973426023
-0.00139583320628544
0.00574334391722859
0.000840887783532698
0.0384093255905685
0.0381420931473311
0.0716747549801887
0.00494873499139947
0.0537644924488272
-0.00602021231491848
-0.00866972247736081
0.00384750408098999
0.0370087957308525
-0.00632121975254858
0.0295560409216774
0.0339138356526251
0.0227383832897786
-0.0066659962371086
0.0651666937617246
0.0793521822055798
-0.0156157002492981
0.0118750827874934
-0.00720853197501607
0.0627025681380852
0.0511186508682136
0.0205423591678288
-0.0252235127219778
-0.00893378700340375
0.0430700976915224
-0.00653427938002972
-0.0107815719892703
0.0133484354836305
-0.0424735433841281
0.00961704114641515
-0.00363896075810834
0.00847540353930473
-0.00348317070016111
-0.0308836129659636
0.0243923529513455
0.0793146236984277
0.0325160824424258
0.0249461768210977
-0.0204436154510298
-0.00324691784292206
-0.00864136677708692
-0.0560699092497994
0.0495089395525607
-0.0344453410544559
-0.0130343140258228
-0.0143755547893894
0.0305583516275194
0.100037803914207
-0.0122343854253954
-0.00733654244194543
-0.00994978584608617
0.0468165136514521
-0.00762771730346312
0.00978911012283121
0.00239045188136273
-0.000703607220145857
0.0807414805608055
0.0161592323856934
0.0110969904488524
0.0350536349454533
0.00734966688472835
-0.278100525895032
